0.0001 1.47269e-09
0.000113532 2.35775e-09
0.000128895 3.73419e-09
0.000146337 5.83152e-09
0.000166139 8.94965e-09
0.000188621 1.34107e-08
0.000214145 1.95182e-08
0.000243123 2.73269e-08
0.000276023 3.64154e-08
0.000313374 4.5619e-08
0.00035578 5.28625e-08
0.000403924 5.59633e-08
0.000458582 5.39992e-08
0.000520638 4.86517e-08
0.00059109 4.36421e-08
0.000671076 4.02765e-08
0.000761886 3.64701e-08
0.000864984 3.21545e-08
0.000982033 2.88288e-08
0.00111492 2.49459e-08
0.00126579 2.15804e-08
0.00143708 1.83049e-08
0.00163154 1.54857e-08
0.00185232 1.29304e-08
0.00210298 1.07033e-08
0.00238755 8.78602e-09
0.00271063 7.16486e-09
0.00307744 5.80972e-09
0.00349387 4.69067e-09
0.00396666 3.77754e-09
0.00450343 3.03899e-09
0.00511283 2.44589e-09
0.0058047 1.97172e-09
0.00659019 1.59357e-09
0.00748197 1.29189e-09
0.00849442 1.05072e-09
0.00964388 8.57024e-10
0.0109489 7.00559e-10
0.0124305 5.73399e-10
0.0141126 4.69484e-10
0.0160223 3.84052e-10
0.0181904 3.13418e-10
0.0206519 2.54775e-10
0.0234465 2.05972e-10
0.0266193 1.65319e-10
0.0302214 1.31501e-10
0.034311 1.0349e-10
0.0389539 8.04611e-11
0.0442251 6.16927e-11
0.0502097 4.65611e-11
0.057004 3.45473e-11
0.0647178 2.51922e-11
0.0734754 1.80596e-11
0.083418 1.27364e-11
0.0947061 8.82937e-12
0.107522 5.98393e-12
0.122071 3.92545e-12
0.13859 2.46347e-12
0.157344 1.45784e-12
0.178636 7.95766e-13
0.202809 3.82002e-13
0.230253 1.39634e-13
0.26141 9.58185e-15
0.296784 -5.11266e-14
0.336945 -7.20888e-14
0.38254 -7.20651e-14
0.434305 -6.27619e-14
0.493075 -5.0551e-14
0.559798 -3.85909e-14
0.63555 -2.8393e-14
0.721552 -2.02818e-14
0.819192 -1.4164e-14
0.930045 -9.69475e-15
1.0559 -6.53506e-15
1.19878 -4.33501e-15
1.361 -2.8549e-15
1.54517 -1.85194e-15
1.75426 -1.18656e-15
1.99165 -7.5942e-16
2.26116 -4.82589e-16
2.56714 -3.01246e-16
2.91452 -1.86947e-16
3.30891 -1.21052e-16
3.75667 -7.05512e-17
4.26502 -4.29661e-17
4.84216 -2.87707e-17
5.4974 -1.90039e-17
6.24131 -1.13795e-17
7.08588 -6.79499e-18
8.04474 -3.90228e-18
9.13335 -2.17894e-18
10.3693 -1.45193e-18
11.7724 -1.15271e-18
13.3655 -8.38497e-19
15.1741 -5.33095e-19
17.2274 -3.34051e-19
19.5586 -1.86215e-19
22.2053 -1.29205e-19
25.2101 -5.70764e-20
28.6215 -4.13088e-20
32.4946 -2.48996e-20
36.8917 -2.05452e-21
41.8839 -1.37384e-20
47.5516 -2.21393e-21
53.9863 5.17033e-21
61.2917 -9.88411e-21
69.5856 8.4314e-21
79.0019 1.62474e-21
89.6925 -2.3819e-21
101.83 1.63221e-20
115.609 4.5721e-21
131.253 1.90888e-20
149.014 3.8111e-20
169.179 4.33607e-20
192.072 9.25626e-20
218.063 1.46142e-19
247.572 2.30599e-19
281.073 4.08382e-19
319.108 6.50931e-19
362.289 1.08997e-18
411.314 1.81274e-18
466.972 2.97448e-18
530.163 4.93241e-18
601.905 8.12287e-18
683.354 1.33419e-17
775.825 2.18961e-17
880.809 3.57319e-17
1000 5.80678e-17
