0.0001 2.29347e-11
0.000113532 4.76044e-11
0.000128895 9.76051e-11
0.000146337 1.9844e-10
0.000166139 3.96638e-10
0.000188621 7.77271e-10
0.000214145 1.48306e-09
0.000243123 2.7388e-09
0.000276023 4.83386e-09
0.000313374 8.05862e-09
0.00035578 1.24867e-08
0.000403924 1.75282e-08
0.000458582 2.18859e-08
0.000520638 2.3617e-08
0.00059109 2.2287e-08
0.000671076 1.98001e-08
0.000761886 1.83924e-08
0.000864984 1.70054e-08
0.000982033 1.49891e-08
0.00111492 1.36035e-08
0.00126579 1.17392e-08
0.00143708 1.02586e-08
0.00163154 8.76654e-09
0.00185232 7.42101e-09
0.00210298 6.24358e-09
0.00238755 5.2064e-09
0.00271063 4.30823e-09
0.00307744 3.54244e-09
0.00349387 2.89908e-09
0.00396666 2.36452e-09
0.00450343 1.92464e-09
0.00511283 1.5656e-09
0.0058047 1.27383e-09
0.00659019 1.03771e-09
0.00748197 8.46719e-10
0.00849442 6.92257e-10
0.00964388 5.6702e-10
0.0109489 4.65083e-10
0.0124305 3.81655e-10
0.0141126 3.1301e-10
0.0160223 2.56301e-10
0.0181904 2.09323e-10
0.0206519 1.70325e-10
0.0234465 1.37915e-10
0.0266193 1.1098e-10
0.0302214 8.86308e-11
0.034311 7.01362e-11
0.0389539 5.48976e-11
0.0442251 4.24427e-11
0.0502097 3.23609e-11
0.057004 2.42821e-11
0.0647178 1.78977e-11
0.0734754 1.29538e-11
0.083418 9.21723e-12
0.0947061 6.44691e-12
0.107522 4.40654e-12
0.122071 2.90933e-12
0.13859 1.8292e-12
0.157344 1.07581e-12
0.178636 5.73881e-13
0.202809 2.58727e-13
0.230253 7.46492e-14
0.26141 -2.25285e-14
0.296784 -6.54879e-14
0.336945 -7.7263e-14
0.38254 -7.30598e-14
0.434305 -6.19792e-14
0.493075 -4.92047e-14
0.559798 -3.73392e-14
0.63555 -2.73482e-14
0.721552 -1.95011e-14
0.819192 -1.36006e-14
0.930045 -9.3018e-15
1.0559 -6.26919e-15
1.19878 -4.17529e-15
1.361 -2.73196e-15
1.54517 -1.78493e-15
1.75426 -1.14981e-15
1.99165 -7.32282e-16
2.26116 -4.64896e-16
2.56714 -2.91625e-16
2.91452 -1.83719e-16
3.30891 -1.17542e-16
3.75667 -6.90872e-17
4.26502 -4.16516e-17
4.84216 -2.74351e-17
5.4974 -1.7827e-17
6.24131 -1.10407e-17
7.08588 -6.63414e-18
8.04474 -3.84679e-18
9.13335 -2.09587e-18
10.3693 -1.31407e-18
11.7724 -1.06698e-18
13.3655 -7.66229e-19
15.1741 -4.86992e-19
17.2274 -3.16264e-19
19.5586 -1.83663e-19
22.2053 -1.09204e-19
25.2101 -6.97172e-20
28.6215 -2.94172e-20
32.4946 -2.70059e-20
36.8917 -6.96146e-21
41.8839 -6.75395e-21
47.5516 -5.27694e-21
53.9863 -3.81983e-22
61.2917 5.25044e-22
69.5856 -5.28342e-21
79.0019 6.35173e-21
89.6925 -5.90117e-21
101.83 2.79821e-21
115.609 3.51026e-22
131.253 -1.98022e-21
149.014 9.32493e-22
169.179 2.14313e-21
192.072 -5.3429e-21
218.063 6.91473e-21
247.572 -5.37516e-21
281.073 2.58914e-21
319.108 1.96745e-21
362.289 -7.79397e-22
411.314 4.32565e-21
466.972 1.11105e-20
530.163 9.05802e-21
601.905 4.40571e-20
683.354 6.7552e-20
775.825 1.59629e-19
880.809 3.3487e-19
1000 6.94497e-19
