0.0001 6.17124e-08
0.000113532 7.63139e-08
0.000128895 9.32479e-08
0.000146337 1.1225e-07
0.000166139 1.32523e-07
0.000188621 1.52702e-07
0.000214145 1.70679e-07
0.000243123 1.83721e-07
0.000276023 1.89164e-07
0.000313374 1.85296e-07
0.00035578 1.72706e-07
0.000403924 1.55142e-07
0.000458582 1.37499e-07
0.000520638 1.22899e-07
0.00059109 1.09907e-07
0.000671076 9.63604e-08
0.000761886 8.38699e-08
0.000864984 7.30484e-08
0.000982033 6.17267e-08
0.00111492 5.16525e-08
0.00126579 4.27359e-08
0.00143708 3.52154e-08
0.00163154 2.84087e-08
0.00185232 2.27817e-08
0.00210298 1.81152e-08
0.00238755 1.42798e-08
0.00271063 1.11923e-08
0.00307744 8.73334e-09
0.00349387 6.79981e-09
0.00396666 5.29221e-09
0.00450343 4.12481e-09
0.00511283 3.22349e-09
0.0058047 2.52925e-09
0.00659019 1.9928e-09
0.00748197 1.57709e-09
0.00849442 1.25264e-09
0.00964388 9.9761e-10
0.0109489 7.95552e-10
0.0124305 6.34157e-10
0.0141126 5.04239e-10
0.0160223 3.99028e-10
0.0181904 3.13542e-10
0.0206519 2.44051e-10
0.0234465 1.87716e-10
0.0266193 1.42349e-10
0.0302214 1.06179e-10
0.034311 7.76894e-11
0.0389539 5.55693e-11
0.0442251 3.87132e-11
0.0502097 2.61759e-11
0.057004 1.70993e-11
0.0647178 1.07003e-11
0.0734754 6.34481e-12
0.083418 3.49307e-12
0.0947061 1.64794e-12
0.107522 4.58821e-13
0.122071 -2.71443e-13
0.13859 -6.67348e-13
0.157344 -8.28255e-13
0.178636 -8.38057e-13
0.202809 -7.61193e-13
0.230253 -6.4494e-13
0.26141 -5.19608e-13
0.296784 -4.02593e-13
0.336945 -3.02077e-13
0.38254 -2.20939e-13
0.434305 -1.58222e-13
0.493075 -1.11155e-13
0.559798 -7.6684e-14
0.63555 -5.2259e-14
0.721552 -3.52163e-14
0.819192 -2.33131e-14
0.930045 -1.53912e-14
1.0559 -1.00468e-14
1.19878 -6.4651e-15
1.361 -4.17569e-15
1.54517 -2.64568e-15
1.75426 -1.67304e-15
1.99165 -1.0795e-15
2.26116 -6.4813e-16
2.56714 -4.09473e-16
2.91452 -2.70551e-16
3.30891 -1.56788e-16
3.75667 -9.4046e-17
4.26502 -6.41898e-17
4.84216 -4.17285e-17
5.4974 -2.40646e-17
6.24131 -1.43716e-17
7.08588 -8.85264e-18
8.04474 -4.70519e-18
9.13335 -2.64568e-18
10.3693 -2.19727e-18
11.7724 -1.13942e-18
13.3655 -3.86224e-19
15.1741 2.31954e-19
17.2274 7.08636e-19
19.5586 1.13633e-18
22.2053 1.60658e-18
25.2101 2.20674e-18
28.6215 2.79691e-18
32.4946 3.74062e-18
36.8917 4.75685e-18
41.8839 6.16696e-18
47.5516 7.96737e-18
53.9863 1.02489e-17
61.2917 1.32049e-17
69.5856 1.70703e-17
79.0019 2.19134e-17
89.6925 2.83297e-17
101.83 3.64456e-17
115.609 4.69773e-17
131.253 6.05415e-17
149.014 7.79722e-17
169.179 1.00422e-16
192.072 1.29366e-16
218.063 1.66473e-16
247.572 2.1432e-16
281.073 2.75648e-16
319.108 3.54406e-16
362.289 4.55311e-16
411.314 5.84366e-16
466.972 7.49111e-16
530.163 9.58754e-16
601.905 1.22459e-15
683.354 1.56002e-15
775.825 1.98058e-15
880.809 2.50375e-15
1000 3.14719e-15
