0.0001 2.88014e-06
0.000113532 2.78618e-06
0.000128895 2.67169e-06
0.000146337 2.53438e-06
0.000166139 2.37288e-06
0.000188621 2.18801e-06
0.000214145 1.9828e-06
0.000243123 1.76411e-06
0.000276023 1.54183e-06
0.000313374 1.32754e-06
0.00035578 1.13203e-06
0.000403924 9.61119e-07
0.000458582 8.14913e-07
0.000520638 6.90892e-07
0.00059109 5.86529e-07
0.000671076 4.98924e-07
0.000761886 4.17703e-07
0.000864984 3.39443e-07
0.000982033 2.72025e-07
0.00111492 2.19296e-07
0.00126579 1.78427e-07
0.00143708 1.40269e-07
0.00163154 1.09906e-07
0.00185232 8.67433e-08
0.00210298 6.71035e-08
0.00238755 5.20852e-08
0.00271063 4.02778e-08
0.00307744 3.10496e-08
0.00349387 2.40255e-08
0.00396666 1.85684e-08
0.00450343 1.44279e-08
0.00511283 1.12327e-08
0.0058047 8.78393e-09
0.00659019 6.89e-09
0.00748197 5.41696e-09
0.00849442 4.26555e-09
0.00964388 3.35733e-09
0.0109489 2.63819e-09
0.0124305 2.06537e-09
0.0141126 1.60848e-09
0.0160223 1.24396e-09
0.0181904 9.53882e-10
0.0206519 7.24202e-10
0.0234465 5.43706e-10
0.0266193 4.03147e-10
0.0302214 2.94886e-10
0.034311 2.1254e-10
0.0389539 1.508e-10
0.0442251 1.05203e-10
0.0502097 7.20369e-11
0.057004 4.83169e-11
0.0647178 3.16878e-11
0.0734754 2.03214e-11
0.083418 1.27537e-11
0.0947061 7.7899e-12
0.107522 4.55849e-12
0.122071 2.48899e-12
0.13859 1.2079e-12
0.157344 4.58427e-13
0.178636 5.77522e-14
0.202809 -1.24684e-13
0.230253 -1.786e-13
0.26141 -1.62952e-13
0.296784 -1.14885e-13
0.336945 -5.68553e-14
0.38254 -2.03974e-16
0.434305 4.92818e-14
0.493075 8.97497e-14
0.559798 1.21312e-13
0.63555 1.45402e-13
0.721552 1.63299e-13
0.819192 1.76087e-13
0.930045 1.85416e-13
1.0559 1.91928e-13
1.19878 1.9647e-13
1.361 1.99639e-13
1.54517 2.0179e-13
1.75426 2.03297e-13
1.99165 2.04286e-13
2.26116 2.04996e-13
2.56714 2.05446e-13
2.91452 2.05755e-13
3.30891 2.05976e-13
3.75667 2.06129e-13
4.26502 2.06216e-13
4.84216 2.06281e-13
5.4974 2.06327e-13
6.24131 2.06358e-13
7.08588 2.06379e-13
8.04474 2.06394e-13
9.13335 2.06402e-13
10.3693 2.06408e-13
11.7724 2.06411e-13
13.3655 2.06414e-13
15.1741 2.06415e-13
17.2274 2.06415e-13
19.5586 2.06415e-13
22.2053 2.06414e-13
25.2101 2.06411e-13
28.6215 2.06408e-13
32.4946 2.06404e-13
36.8917 2.06398e-13
41.8839 2.06391e-13
47.5516 2.06381e-13
53.9863 2.06368e-13
61.2917 2.06352e-13
69.5856 2.06331e-13
79.0019 2.06304e-13
89.6925 2.06269e-13
101.83 2.06224e-13
115.609 2.06165e-13
131.253 2.0609e-13
149.014 2.05994e-13
169.179 2.05869e-13
192.072 2.05708e-13
218.063 2.05502e-13
247.572 2.05235e-13
281.073 2.04894e-13
319.108 2.04453e-13
362.289 2.03888e-13
411.314 2.03164e-13
466.972 2.02234e-13
530.163 2.01045e-13
601.905 1.99528e-13
683.354 1.97593e-13
775.825 1.95143e-13
880.809 1.92045e-13
1000 1.88157e-13
